0 (3.0456340312957764, 3.0801823139190674, 78)
1 (3.036527633666992, 3.076215982437134, 76)
2 (3.0880184173583984, 3.1252236366271973, 75)
3 (3.0679595470428467, 3.1011972427368164, 78)
4 (3.037255048751831, 3.0724759101867676, 76)
5 (3.086343288421631, 3.120544672012329, 77)
6 (3.0641629695892334, 3.1013758182525635, 76)
0 (3.0767593383789062, 3.1118149757385254, 77)
1 (3.071361780166626, 3.1104373931884766, 77)
2 (3.0691213607788086, 3.108189821243286, 76)
3 (3.068443536758423, 3.1041014194488525, 72)
4 (3.052436351776123, 3.0878677368164062, 75)
5 (3.0980844497680664, 3.133328914642334, 75)
6 (3.0431997776031494, 3.081792116165161, 74)
0 (3.1273996829986572, 3.1645662784576416, 72)
1 (3.0829737186431885, 3.12492299079895, 72)
2 (3.086181402206421, 3.1231770515441895, 72)
3 (3.060871124267578, 3.0995736122131348, 74)
4 (3.063481330871582, 3.0980887413024902, 73)
5 (3.0756866931915283, 3.1114962100982666, 74)
6 (3.0516469478607178, 3.0870611667633057, 74)

# light theme, bin038m5 (c9f9d682), 10 trials on row 1 (#14386) then 10 on row 6 (#14529): (start, end) of the first frame showing the panel, seconds after the cursor move; frames before it
0 (3.084473133087158, 3.1182796955108643, 93)
1 (3.0459885597229004, 3.076359510421753, 92)
2 (3.0445213317871094, 3.08245587348938, 93)
3 (3.071009397506714, 3.102111577987671, 95)
4 (3.0606486797332764, 3.0916965007781982, 95)
5 (3.0560805797576904, 3.0869903564453125, 94)
6 (3.05617356300354, 3.0865633487701416, 96)
7 (3.070129156112671, 3.101379871368408, 95)
8 (3.044210195541382, 3.0755186080932617, 91)
9 (3.0629162788391113, 3.093390941619873, 92)
0 (3.0755341053009033, 3.1099636554718018, 92)
1 (3.0500941276550293, 3.082376718521118, 94)
2 (3.063477039337158, 3.0958878993988037, 93)
3 (3.044771671295166, 3.0752153396606445, 91)
4 (3.072354316711426, 3.1029484272003174, 94)
5 (3.0689592361450195, 3.099285840988159, 93)
6 (3.0712153911590576, 3.102299451828003, 95)
7 (3.056934356689453, 3.0884480476379395, 94)
8 (3.0924270153045654, 3.122861623764038, 95)
9 (3.060541868209839, 3.0918359756469727, 94)
